76 111 114 101 109 32 105 112 115 117 260 100 111 108 257 32 115 105 116 32 97 109 101 116 44 32 99 111 110 115 101 99 116 278 117 114 275 100 262 105 115 99 105 110 103 32 101 108 273 46 32 69 116 105 276 32 109 97 116 308 115 32 110 105 98 104 317 286 32 112 290 117 316 97 303 113 117 278 280 118 302 324 258 308 265 32 116 257 342 291 308 110 297 100 117 110 116 305 78 117 108 108 310 98 319 101 110 349 260 312 108 101 264 97 100 97 32 303 103 355 97 334 336 112 302 366 351 367 331 101 311 97 290 295 386 314 389 285 100 305 77 387 114 389 117 274 257 110 97 258 372 257 259 334 273 97 385 114 104 283 99 327 32 331 276 305 65 361 101 97 110 271 101 100 32 293 310 425 288 395 397 389 335 110 361 313 389 312 388 316 101 103 278 281 283 374 385 346 348 350 352 32 73 426 101 102 102 105 297 116 290 280 110 350 99 317 283 32 102 398 299 105 356 371 264 296 294 279 430 117 105 372 286 465 316 416 114 480 311 289 115 280 298 301 485 115 109 111 429 318 320 341 343 270 446 448 404 416 305 85 274 112 338 105 340 438 440 315 487 111 280 393 275 117 287 270 344 344 473 101 114 277 351 340 298 305 83 428 324 343 308 533 355 357 109 282 114 379 291 349 486 448 502 356 295 353 548 432 372 97 297 318 371 468 347 497 429 108 529 489 524 46 


68 283 323 102 387 297 98 417 302 101 105 102 361 429 312 115 115 376 418 500 564 407 511 117 451 271 97 103 273 523 540 32 67 114 97 316 474 298 604 478 507 114 533 331 389 569 470 312 120 105 109 417 298 288 114 363 435 286 440 316 357 598 274 104 589 258 398 274 535 313 280 371 626 553 293 448 622 544 618 546 270 620 115 395 257 359 317 562 494 489 280 510 115 116 611 499 32 335 303 644 447 483 357 566 309 281 290 493 285 109 305 81 500 384 471 426 649 535 651 274 109 105 526 543 491 493 645 456 515 324 355 118 298 404 32 400 341 380 417 565 32 359 98 589 265 353 310 379 356 361 288 115 690 468 616 527 366 287 417 588 600 309 274 480 297 112 304 32 70 327 99 412 400 114 340 293 103 318 592 626 484 698 673 336 593 604 391 316 532 270 118 404 519 316 400 305 577 439 470 557 486 629 694 265 526 603 605 389 361 756 105 100 280 562 550 257 553 430 268 257 541 327 379 362 295 285 261 426 679 417 685 421 423 425 564 680 371 558 303 445 669 803 654 391 344 561 347 386 753 648 263 780 301 447 669 671 272 274 276 448 282 109 502 267 803 667 366 587 589 427 429 267 269 114 797 115 799 293 592 385 101 117 819 656 345 290 742 659 32 688 295 690 313 275 382 301 644 120 337 278 519 260 288 109 112 270 869 708 670 385 733 489 305 86 367 308 583 573 260 884 411 473 581 319 417 465 552 560 32 86 105 767 627 636 111 98 343 389 402 404 886 360 114 525 818 282 299 332 322 690 613 476 616 278 46 


307 309 260 785 364 603 403 280 453 787 455 595 442 486 646 324 104 916 116 610 430 97 742 583 316 505 104 541 543 558 891 105 385 778 631 340 535 111 496 846 341 298 454 351 602 742 361 534 536 726 966 677 435 444 449 284 488 289 291 716 503 105 111 970 761 783 864 745 296 385 869 581 533 262 264 686 457 382 447 291 573 734 764 714 445 858 555 711 108 949 463 962 969 498 115 268 303 464 117 293 426 288 356 417 293 734 1006 890 669 900 894 803 630 363 427 260 922 293 537 465 1046 111 838 503 993 814 904 77 661 486 355 1020 747 316 674 341 862 389 787 261 880 694 962 456 83 798 589 801 385 118 268 400 112 945 849 259 672 693 631 1073 271 503 329 367 280 887 901 508 291 964 1044 1004 828 1065 1088 695 372 105 374 357 301 817 774 534 815 305 80 919 498 879 325 316 517 876 520 907 535 610 305 458 673 410 385 419 260 1102 1006 1117 111 498 510 274 927 615 1110 101 120 851 853 1078 544 288 351 105 305 931 310 580 297 815 295 667 817 712 565 416 109 593 426 995 763 467 319 321 1134 499 295 839 317 295 758 658 1131 335 114 950 398 493 312 825 271 273 275 277 274 290 403 722 260 724 381 727 690 1146 322 470 718 720 266 952 900 864 1075 852 1077 855 1151 726 1154 


1138 1140 696 495 970 433 385 922 285 419 274 679 298 309 660 114 662 1230 567 672 730 1110 1182 640 362 642 743 1038 892 355 340 833 1193 448 1187 417 712 1204 1207 362 1125 1184 950 1069 498 325 750 864 80 380 726 383 924 1011 575 1032 573 1064 302 273 526 1192 835 401 114 403 405 1194 417 1226 987 902 829 930 32 705 1025 370 366 636 488 584 677 759 675 759 439 403 315 667 858 701 417 1286 1064 1126 1185 97 772 578 470 869 1035 1050 301 610 456 1267 725 382 728 924 103 610 708 370 759 1039 893 340 697 467 472 1056 612 1277 1064 768 417 110 283 687 689 924 1250 1281 706 1265 717 360 1258 109 377 104 463 375 1114 392 1280 1194 497 382 965 260 512 117 421 330 117 310 370 953 628 827 260 1182 1017 1342 602 762 315 46 


1219 426 896 385 1061 398 1063 275 114 513 32 542 429 1136 1302 1278 32 750 949 340 325 108 708 1284 261 1382 275 483 939 349 974 922 601 555 1375 105 1175 1096 316 1134 280 1386 371 881 264 535 385 393 497 1071 1089 448 1255 1147 32 773 323 1002 270 593 976 426 716 1196 648 1439 1106 740 482 1155 308 310 1348 459 318 260 1407 750 1360 324 679 703 1179 506 774 409 1260 371 1085 1037 907 276 584 858 1471 1394 463 1094 971 347 940 974 1017 400 497 565 355 392 1210 361 1116 1268 1328 690 1020 1039 690 1182 1239 371 869 1410 1412 404 633 747 403 328 574 270 736 604 869 1485 297 367 1116 947 285 1033 316 1457 742 644 1324 942 1122 326 490 283 767 559 316 1242 100 1244 456 354 478 260 462 505 327 647 871 1531 1192 1170 523 1331 97 1333 594 1373 1111 1142 565 477 1180 955 1180 647 470 915 405 754 486 591 593 1191 834 1194 311 1154 32 396 984 366 993 765 114 280 1520 738 1535 1404 274 787 938 259 1121 859 273 270 805 864 866 1329 1133 596 112 1470 1534 934 889 961 1337 895 1346 445 1464 1397 416 280 1182 790 551 793 754 108 390 523 674 1233 662 498 922 1540 815 1179 115 108 789 834 1376 310 891 46 